//Exported ASCII-File
[Header]
FileName = C:\Users\reoml\Desktop\Mestrado\mapa raman\Mapa Raman_GO e rGO.WIP
ImageName = Scan_002_Spec.Data 1_F: Min & Max -> Maximum [2604.9 rel. 1/cm -> 2811.1 rel. 1/cm]
PointsPerLine = 61
LinesPerImage = 61
ScanUnit = µm
ScanWidth = 30
ScanHeight = 30
ScanOriginX = -9.24899959564209
ScanOriginY = 4.88899993896484
ScanOriginZ = 0
DataUnit = CCD cts
[Data]
 1.52819E+01	 1.76392E+01	 2.18250E+01	 2.44734E+01	 2.41178E+01	 2.22574E+01	 1.82076E+01	 1.82912E+01	 1.46889E+01	 1.39653E+01	 1.36404E+01	 1.05790E+01	 8.40926E+00	 7.29658E+00	 1.23491E+01	 1.45605E+01	 2.52286E+01	 1.80752E+01	 1.24417E+01	 1.72864E+01	 1.54732E+01	 1.25617E+01	 1.24938E+01	 1.24426E+01	 1.37895E+01	 1.89650E+01	 1.61838E+01	 1.37951E+01	 1.72019E+01	 2.80000E+01	 1.87076E+01	 2.10414E+01	 3.04026E+01	 2.47175E+01	 2.08741E+01	 2.64857E+01	 2.57321E+01	 2.98682E+01	 2.58687E+01	 2.06187E+01	 1.81609E+01	 1.25873E+01	 1.17070E+01	 1.41750E+01	 1.43734E+01	 1.51471E+01	 9.97026E+00	 9.33916E+00	 1.04334E+01	 1.20379E+01	 1.57696E+01	 1.52805E+01	 1.45068E+01	 1.08253E+01	 1.64170E+01	 9.23253E+00	 1.07564E+01	 1.40526E+01	 1.65872E+01	 2.43889E+01	 1.86629E+01
 1.57886E+01	 1.52449E+01	 1.90707E+01	 2.33798E+01	 1.71067E+01	 1.68421E+01	 1.59060E+01	 1.80315E+01	 1.34159E+01	 1.10000E+01	 1.27136E+01	 1.13534E+01	 8.10521E+00	 9.69738E+00	 7.95990E+00	 8.61841E+00	 1.64348E+01	 1.86451E+01	 1.91259E+01	 1.63516E+01	 1.00829E+01	 1.43202E+01	 1.06567E+01	 1.01373E+01	 8.57277E+00	 7.46695E+00	 1.12500E+01	 1.58083E+01	 1.38083E+01	 2.08083E+01	 1.93480E+01	 2.24272E+01	 2.09209E+01	 1.76442E+01	 1.45000E+01	 2.32655E+01	 2.90027E+01	 2.86127E+01	 1.81373E+01	 1.44455E+01	 1.34272E+01	 9.84915E+00	 7.62554E+00	 9.25000E+00	 9.28780E+00	 1.01372E+01	 9.41830E+00	 9.90116E+00	 7.98710E+00	 9.30835E+00	 1.45157E+01	 1.26581E+01	 1.38320E+01	 1.16656E+01	 8.96163E+00	 9.17048E+00	 1.05369E+01	 1.50686E+01	 1.80000E+01	 1.53372E+01	 1.48648E+01
 1.23366E+01	 1.39230E+01	 1.63157E+01	 1.54659E+01	 1.52865E+01	 1.74205E+01	 1.55207E+01	 1.47833E+01	 1.23729E+01	 1.03033E+01	 9.90797E+00	 1.02133E+01	 8.50385E+00	 8.47391E+00	 8.53025E+00	 1.43841E+01	 1.88666E+01	 1.79913E+01	 1.13434E+01	 1.46092E+01	 1.32796E+01	 1.37824E+01	 1.33229E+01	 1.49118E+01	 1.07335E+01	 1.07456E+01	 1.00182E+01	 1.28592E+01	 1.44994E+01	 1.50327E+01	 1.67557E+01	 1.72251E+01	 1.92086E+01	 1.36061E+01	 1.39695E+01	 2.06434E+01	 1.92500E+01	 1.91229E+01	 1.88608E+01	 1.45835E+01	 1.59534E+01	 1.09442E+01	 1.05921E+01	 1.08316E+01	 1.25736E+01	 8.94640E+00	 7.77943E+00	 1.18964E+01	 9.32189E+00	 8.42614E+00	 8.51749E+00	 8.69424E+00	 7.01524E+00	 7.39396E+00	 6.98681E+00	 1.12901E+01	 1.12614E+01	 1.88291E+01	 1.74386E+01	 1.59483E+01	 1.60846E+01
 1.71749E+01	 1.51516E+01	 1.34177E+01	 1.23759E+01	 1.26403E+01	 1.79249E+01	 1.50000E+01	 1.17833E+01	 1.04857E+01	 1.21580E+01	 1.22489E+01	 9.22757E+00	 1.45038E+01	 1.29146E+01	 1.30137E+01	 1.37864E+01	 1.44133E+01	 1.60175E+01	 1.52483E+01	 1.16029E+01	 1.24576E+01	 1.72905E+01	 2.26864E+01	 1.95038E+01	 1.22707E+01	 9.64805E+00	 1.22189E+01	 1.12551E+01	 1.03423E+01	 1.30790E+01	 1.25232E+01	 1.52500E+01	 1.18916E+01	 9.04774E+00	 1.42294E+01	 2.31970E+01	 2.00321E+01	 1.75792E+01	 1.41502E+01	 1.10664E+01	 6.82913E+00	 9.15913E+00	 9.81237E+00	 1.10000E+01	 1.02013E+01	 7.53837E+00	 9.74807E+00	 1.00282E+01	 8.38728E+00	 1.00542E+01	 9.02119E+00	 9.09105E+00	 8.83655E+00	 8.82713E+00	 1.07676E+01	 1.18991E+01	 1.28916E+01	 1.73133E+01	 2.17876E+01	 1.57045E+01	 1.37537E+01
 1.87669E+01	 1.80867E+01	 2.10300E+01	 1.93834E+01	 1.25369E+01	 1.80910E+01	 1.83959E+01	 1.49588E+01	 1.35039E+01	 1.40491E+01	 1.19956E+01	 1.23529E+01	 1.70135E+01	 1.84624E+01	 1.50544E+01	 1.47500E+01	 1.73497E+01	 1.79883E+01	 1.83121E+01	 1.45972E+01	 1.46024E+01	 1.21451E+01	 1.62345E+01	 1.35100E+01	 1.38953E+01	 8.88966E+00	 8.90409E+00	 1.12793E+01	 1.42500E+01	 1.42836E+01	 1.16287E+01	 1.10633E+01	 1.37564E+01	 1.07500E+01	 1.09732E+01	 1.32876E+01	 1.35959E+01	 1.27582E+01	 9.40163E+00	 8.66314E+00	 1.05923E+01	 7.97391E+00	 1.07627E+01	 1.12707E+01	 1.01670E+01	 9.95065E+00	 9.41370E+00	 3.81164E+00	 5.07672E+00	 7.25000E+00	 1.10205E+01	 1.14395E+01	 1.20773E+01	 1.05841E+01	 1.19034E+01	 1.64431E+01	 1.86787E+01	 2.26787E+01	 1.87662E+01	 1.13928E+01	 1.33925E+01
 2.02876E+01	 1.70109E+01	 2.11058E+01	 2.54200E+01	 2.13083E+01	 2.23229E+01	 2.33594E+01	 2.18159E+01	 1.02503E+01	 1.06285E+01	 1.32628E+01	 1.16765E+01	 2.26204E+01	 1.99325E+01	 2.58328E+01	 1.58211E+01	 1.27316E+01	 1.64533E+01	 1.11491E+01	 1.32295E+01	 1.37614E+01	 1.39419E+01	 9.02785E+00	 1.27630E+01	 1.10997E+01	 1.26416E+01	 1.27896E+01	 1.57500E+01	 1.32582E+01	 2.22294E+01	 1.65464E+01	 1.70790E+01	 1.86334E+01	 1.27838E+01	 1.17991E+01	 1.20564E+01	 1.56580E+01	 9.63892E+00	 9.07515E+00	 1.20948E+01	 1.25756E+01	 1.55218E+01	 1.12582E+01	 1.23464E+01	 1.12668E+01	 8.08249E+00	 8.69929E+00	 8.39113E+00	 1.19118E+01	 1.43536E+01	 1.31134E+01	 1.22964E+01	 1.38682E+01	 1.66451E+01	 1.48928E+01	 1.19399E+01	 1.28759E+01	 1.74754E+01	 2.16749E+01	 1.17425E+01	 8.84414E+00
 2.01465E+01	 2.60225E+01	 1.61340E+01	 2.05376E+01	 1.81487E+01	 1.61855E+01	 2.15429E+01	 1.95817E+01	 1.61024E+01	 1.64446E+01	 1.50549E+01	 1.42594E+01	 2.18891E+01	 2.61166E+01	 1.49046E+01	 9.98816E+00	 1.57912E+01	 1.42596E+01	 1.59266E+01	 1.97062E+01	 1.38161E+01	 1.17850E+01	 1.09091E+01	 9.61657E+00	 1.97962E+01	 1.43760E+01	 1.22282E+01	 1.27131E+01	 1.19041E+01	 1.82896E+01	 1.50324E+01	 1.64163E+01	 1.60828E+01	 1.78083E+01	 1.60395E+01	 1.15831E+01	 1.49193E+01	 1.16359E+01	 8.59651E+00	 1.24874E+01	 1.14407E+01	 1.35087E+01	 1.19059E+01	 1.28565E+01	 1.03648E+01	 8.68582E+00	 9.37600E+00	 1.24046E+01	 1.94808E+01	 1.66692E+01	 1.38892E+01	 2.07987E+01	 1.91663E+01	 1.56956E+01	 1.36445E+01	 1.34080E+01	 1.29370E+01	 1.54202E+01	 1.56827E+01	 8.42144E+00	 9.38593E+00
 2.40202E+01	 1.75618E+01	 2.32115E+01	 2.42500E+01	 1.81075E+01	 1.88113E+01	 1.77657E+01	 1.44573E+01	 1.87850E+01	 1.78181E+01	 2.45405E+01	 2.04456E+01	 2.40583E+01	 2.63575E+01	 1.85126E+01	 1.05577E+01	 1.48498E+01	 1.75467E+01	 1.77558E+01	 2.63162E+01	 1.90052E+01	 1.57062E+01	 1.51985E+01	 1.32827E+01	 1.75152E+01	 1.24052E+01	 1.07238E+01	 9.79142E+00	 1.04171E+01	 1.83337E+01	 1.92216E+01	 1.55996E+01	 2.24988E+01	 1.88572E+01	 1.72200E+01	 1.49213E+01	 1.38044E+01	 8.17644E+00	 8.12909E+00	 1.11787E+01	 1.37896E+01	 1.45617E+01	 1.78872E+01	 1.31659E+01	 8.02638E+00	 6.14591E+00	 1.13218E+01	 1.88480E+01	 2.12961E+01	 1.58193E+01	 2.14195E+01	 1.48151E+01	 1.01422E+01	 1.37745E+01	 1.54210E+01	 1.97950E+01	 1.91509E+01	 1.35063E+01	 1.21748E+01	 1.24918E+01	 9.50652E+00
 1.59956E+01	 1.48205E+01	 1.76863E+01	 1.88026E+01	 1.25614E+01	 1.89023E+01	 1.40356E+01	 1.74073E+01	 2.05561E+01	 2.20800E+01	 2.24794E+01	 1.68667E+01	 1.43889E+01	 1.91035E+01	 1.86308E+01	 9.17018E+00	 1.86944E+01	 1.56994E+01	 1.68840E+01	 2.20301E+01	 2.59173E+01	 1.44667E+01	 1.19769E+01	 1.51830E+01	 1.79341E+01	 1.50756E+01	 1.44431E+01	 8.28429E+00	 1.18971E+01	 1.58935E+01	 1.75739E+01	 1.66029E+01	 1.80284E+01	 1.79615E+01	 2.64918E+01	 2.33286E+01	 1.42031E+01	 9.48366E+00	 1.05621E+01	 1.13846E+01	 1.22122E+01	 1.42609E+01	 9.97219E+00	 1.10044E+01	 1.06234E+01	 1.25226E+01	 1.12500E+01	 1.55650E+01	 1.77387E+01	 1.90206E+01	 1.60364E+01	 1.45527E+01	 1.15681E+01	 1.28064E+01	 1.55977E+01	 2.07437E+01	 2.02732E+01	 1.32430E+01	 1.27277E+01	 8.94314E+00	 1.16234E+01
 9.56741E+00	 1.03077E+01	 1.37069E+01	 1.19356E+01	 1.14128E+01	 1.55696E+01	 1.15621E+01	 1.42767E+01	 1.41209E+01	 1.97368E+01	 1.60000E+01	 1.16241E+01	 8.25881E+00	 9.97471E+00	 9.47653E+00	 1.00191E+01	 1.55536E+01	 1.31521E+01	 1.74128E+01	 1.88217E+01	 1.42914E+01	 1.49870E+01	 1.64523E+01	 1.72600E+01	 1.60741E+01	 1.19942E+01	 1.38420E+01	 1.40336E+01	 1.12975E+01	 8.43331E+00	 1.77664E+01	 1.92668E+01	 2.32975E+01	 1.57801E+01	 1.57064E+01	 2.13927E+01	 1.92423E+01	 7.74559E+00	 6.13728E+00	 9.98327E+00	 7.80367E+00	 9.64251E+00	 1.20828E+01	 1.03741E+01	 7.03965E+00	 1.12046E+01	 1.10068E+01	 1.76284E+01	 1.96919E+01	 1.62338E+01	 1.17500E+01	 1.51141E+01	 1.40325E+01	 1.20097E+01	 3.99086E+02	 5.35820E+01	 1.29732E+01	 1.47669E+01	 1.31802E+01	 8.91118E+00	 9.53639E+00
 1.11793E+01	 8.40964E+00	 1.33916E+01	 1.59280E+01	 1.19720E+01	 1.48912E+01	 1.45507E+01	 1.25773E+01	 1.45162E+01	 1.58327E+01	 1.56309E+01	 1.58607E+01	 1.11447E+01	 1.26078E+01	 1.24913E+01	 1.25560E+01	 1.62325E+01	 1.29580E+01	 1.71303E+01	 1.57164E+01	 1.78894E+01	 1.30294E+01	 1.38498E+01	 1.28455E+01	 8.78714E+00	 1.00068E+01	 1.31936E+01	 1.19833E+01	 1.00568E+01	 8.83462E+00	 8.98319E+00	 1.23498E+01	 1.95846E+01	 1.70477E+01	 1.60424E+01	 1.73402E+01	 1.19768E+01	 6.05660E+00	 4.45306E+00	 5.50000E+00	 9.05800E+00	 8.13994E+00	 1.04549E+01	 9.49818E+00	 1.02558E+01	 1.32936E+01	 1.67879E+01	 2.01807E+01	 2.58737E+01	 2.09729E+01	 2.05016E+01	 1.99497E+01	 1.25146E+01	 1.48410E+01	 1.65338E+01	 1.76933E+01	 1.78130E+01	 1.53853E+01	 1.27749E+01	 1.73759E+01	 1.23117E+01
 1.35841E+01	 9.35113E+00	 1.20450E+01	 1.49034E+01	 1.33697E+01	 1.11637E+01	 1.02275E+01	 9.24684E+00	 9.44942E+00	 1.28841E+01	 1.33300E+01	 1.29961E+01	 1.39066E+01	 1.48037E+01	 1.37099E+01	 1.35000E+01	 1.73591E+01	 1.39570E+01	 1.70735E+01	 1.55828E+01	 1.38319E+01	 1.49386E+01	 1.27503E+01	 8.81300E+00	 8.26505E+00	 1.10378E+01	 8.94983E+00	 1.51938E+01	 1.50986E+01	 1.75246E+01	 1.28042E+01	 1.22150E+01	 1.28402E+01	 1.14098E+01	 1.21471E+01	 1.10734E+01	 9.50000E+00	 9.04267E+00	 7.92101E+00	 8.34635E+00	 8.85522E+00	 1.06646E+01	 1.09745E+01	 1.19315E+01	 1.59832E+01	 1.48466E+01	 1.19767E+01	 1.21804E+01	 1.38498E+01	 1.78342E+01	 2.19769E+01	 2.04704E+01	 1.51851E+01	 1.33486E+01	 1.67410E+01	 2.39663E+01	 1.64330E+01	 1.09072E+01	 9.75008E+00	 1.05835E+01	 1.05168E+01
 1.81166E+01	 1.67662E+01	 1.03910E+01	 1.32164E+01	 1.77133E+01	 8.92662E+00	 1.03610E+01	 8.04142E+00	 9.79618E+00	 1.54475E+01	 2.04112E+01	 1.46447E+01	 9.25170E+00	 1.37631E+01	 1.04009E+01	 8.44640E+00	 1.39659E+01	 1.11640E+01	 1.44027E+01	 1.78866E+01	 1.42370E+01	 1.22238E+01	 1.43211E+01	 9.00000E+00	 8.25000E+00	 7.74373E+00	 9.68073E+00	 1.06101E+01	 1.24331E+01	 1.82363E+01	 1.38024E+01	 1.18666E+01	 1.43641E+01	 1.14918E+01	 1.14847E+01	 1.19242E+01	 9.43954E+00	 5.90909E+00	 7.64328E+00	 1.01223E+01	 1.10003E+01	 1.01197E+01	 1.02987E+01	 1.06029E+01	 1.06434E+01	 1.02500E+01	 1.57318E+01	 1.48841E+01	 1.55051E+01	 1.69112E+01	 2.31534E+01	 1.63133E+01	 1.19341E+01	 1.26029E+01	 1.27714E+01	 1.29562E+01	 1.33647E+01	 1.04876E+01	 8.38125E+00	 8.59871E+00	 1.18635E+01
 1.95505E+01	 2.14370E+01	 1.84983E+01	 1.56584E+01	 1.58172E+01	 1.28498E+01	 1.26467E+01	 1.66084E+01	 1.52456E+01	 9.64507E+00	 1.06780E+01	 1.18005E+01	 1.39676E+01	 1.43497E+01	 1.02781E+01	 8.75000E+00	 9.98998E+00	 8.79750E+00	 1.16298E+01	 1.37895E+01	 1.29520E+01	 1.43687E+01	 1.18585E+01	 1.24080E+01	 1.17337E+01	 1.11190E+01	 1.19919E+01	 1.28910E+01	 8.40414E+00	 1.07373E+01	 1.55418E+01	 1.45250E+01	 1.06931E+01	 1.01633E+01	 1.11541E+01	 1.03099E+01	 1.08753E+01	 1.31770E+01	 1.06503E+01	 7.45858E+00	 6.03779E+00	 6.17002E+00	 8.47955E+00	 8.52329E+00	 1.06824E+01	 1.01393E+01	 9.99070E+00	 1.33862E+01	 1.77276E+01	 1.88159E+01	 1.87239E+01	 1.87764E+01	 1.41535E+01	 1.29712E+01	 8.83170E+00	 9.14887E+00	 1.45399E+01	 1.41534E+01	 9.34730E+00	 6.09280E+00	 1.16633E+01
 1.42624E+01	 1.47150E+01	 1.48015E+01	 2.07343E+01	 1.75998E+01	 1.45781E+01	 1.92544E+01	 1.29397E+01	 1.44773E+01	 1.05304E+01	 1.22198E+01	 1.21800E+01	 8.80043E+00	 8.22995E+00	 9.70330E+00	 1.28959E+01	 1.10117E+01	 9.07237E+00	 1.29825E+01	 8.46135E+00	 1.17198E+01	 1.26313E+01	 1.08635E+01	 1.13218E+01	 1.25217E+01	 8.76084E+00	 1.16958E+01	 1.17456E+01	 1.01577E+01	 1.50136E+01	 1.97456E+01	 1.33814E+01	 1.13305E+01	 1.01299E+01	 9.80030E+00	 1.30505E+01	 1.37836E+01	 8.56133E+00	 9.88136E+00	 1.08392E+01	 4.76819E+00	 6.84888E+00	 8.69066E+00	 9.49612E+00	 1.15364E+01	 1.36503E+01	 1.87409E+01	 1.87409E+01	 2.61816E+01	 2.32037E+01	 1.92547E+01	 1.56135E+01	 1.59165E+01	 1.24808E+01	 1.00875E+01	 6.48909E+00	 1.04665E+01	 1.55214E+01	 1.87582E+01	 1.17383E+01	 1.19757E+01
 8.86321E+00	 1.43627E+01	 1.48971E+01	 1.33196E+01	 2.05928E+01	 1.32832E+01	 1.10910E+01	 9.79640E+00	 1.09770E+01	 1.41441E+01	 1.39605E+01	 1.21552E+01	 1.31484E+01	 1.30988E+01	 1.28173E+01	 1.49513E+01	 1.18920E+01	 8.04513E+00	 1.10644E+01	 9.64438E+00	 1.23818E+01	 1.34133E+01	 1.41641E+01	 1.09035E+01	 8.28362E+00	 1.10892E+01	 1.09150E+01	 1.46373E+01	 1.48874E+01	 1.39333E+01	 1.35696E+01	 1.74825E+01	 2.09994E+01	 1.67164E+01	 1.46177E+01	 1.13599E+01	 1.10848E+01	 1.11127E+01	 1.05549E+01	 1.09650E+01	 6.21274E+00	 8.77559E+00	 1.17982E+01	 1.23655E+01	 1.91451E+01	 2.08234E+01	 2.51593E+01	 2.28635E+01	 2.57895E+01	 2.09782E+01	 2.08763E+01	 1.68448E+01	 1.56204E+01	 1.51455E+01	 1.14424E+01	 1.17808E+01	 1.18292E+01	 1.96388E+01	 1.62895E+01	 1.32256E+01	 8.32198E+00
 1.29699E+01	 2.18970E+01	 2.29670E+01	 2.31714E+01	 2.01814E+01	 1.03420E+01	 1.48118E+01	 1.21440E+01	 1.33072E+01	 1.28580E+01	 2.42836E+01	 1.59843E+01	 9.07091E+00	 1.06804E+01	 1.01465E+01	 1.45182E+01	 1.34084E+01	 1.01541E+01	 1.12675E+01	 8.54772E+00	 6.99255E+00	 1.42264E+01	 1.32511E+01	 1.32136E+01	 1.53342E+01	 9.99126E+00	 1.48747E+01	 1.86157E+01	 1.39280E+01	 1.54564E+01	 2.08584E+01	 1.60018E+01	 2.05861E+01	 1.69989E+01	 1.72465E+01	 1.08948E+01	 1.49668E+01	 9.88655E+00	 9.87400E+00	 1.22914E+01	 1.16231E+01	 7.87744E+00	 6.46717E+00	 1.59747E+01	 2.04998E+01	 2.14174E+01	 2.23067E+01	 3.43448E+01	 2.94395E+01	 2.69329E+01	 1.76062E+01	 1.58093E+01	 1.67706E+01	 1.47309E+01	 1.48648E+01	 1.44782E+01	 1.80537E+01	 2.04957E+01	 2.09927E+01	 1.34753E+01	 1.63291E+01
 1.00336E+01	 1.38059E+01	 1.58498E+01	 1.51939E+01	 1.26923E+01	 7.05174E+00	 9.58480E+00	 8.98318E+00	 1.32096E+01	 1.50767E+01	 1.07614E+01	 1.15223E+01	 1.26662E+01	 1.50474E+01	 1.74052E+01	 1.46599E+01	 8.86407E+00	 1.30973E+01	 8.96571E+00	 9.66669E+00	 1.15908E+01	 7.61476E+00	 9.38286E+00	 1.40000E+01	 1.63243E+01	 1.87163E+01	 1.78448E+01	 2.00648E+01	 1.57994E+01	 1.77220E+01	 1.60966E+01	 2.04124E+01	 1.84956E+01	 2.34270E+01	 2.20876E+01	 7.18300E+00	 7.84847E+00	 7.60773E+00	 8.89204E+00	 1.26433E+01	 9.91254E+00	 1.09314E+01	 1.38706E+01	 1.28384E+01	 1.87467E+01	 1.74370E+01	 2.26291E+01	 2.05478E+01	 1.78440E+01	 1.66815E+01	 1.18535E+01	 1.71167E+01	 1.50621E+01	 1.79646E+01	 1.68441E+01	 1.21150E+01	 1.65614E+01	 1.58558E+01	 1.96967E+01	 1.98317E+01	 1.85011E+01
 1.31933E+01	 1.37500E+01	 1.43049E+01	 1.23535E+01	 1.28404E+01	 8.80488E+00	 8.42645E+00	 8.50193E+00	 1.36391E+01	 1.90387E+01	 1.73448E+01	 1.63252E+01	 1.21035E+01	 1.10517E+01	 1.15192E+01	 1.38795E+01	 1.19927E+01	 8.18427E+00	 1.06229E+01	 1.18704E+01	 1.35832E+01	 1.07295E+01	 9.95324E+00	 9.70274E+00	 1.51061E+01	 1.93498E+01	 1.55000E+01	 1.82636E+01	 1.60193E+01	 1.73361E+01	 1.43196E+01	 1.61823E+01	 1.75985E+01	 1.62482E+01	 1.33046E+01	 7.74254E+00	 6.97955E+00	 8.69957E+00	 9.36552E+00	 1.17164E+01	 1.01706E+01	 1.58632E+01	 1.06491E+01	 1.47994E+01	 1.43083E+01	 2.13644E+01	 1.45223E+01	 1.41241E+01	 1.45979E+01	 1.37017E+01	 1.13511E+01	 1.19328E+01	 1.54956E+01	 1.32308E+01	 1.14776E+01	 1.31705E+01	 1.08295E+01	 1.22300E+01	 1.81590E+01	 1.96967E+01	 1.35247E+01
 1.32930E+01	 1.20197E+01	 9.04303E+00	 8.36864E+00	 8.50000E+00	 1.07909E+01	 1.11084E+01	 1.10000E+01	 1.16297E+01	 1.21266E+01	 1.15298E+01	 1.09283E+01	 9.50627E+00	 1.12281E+01	 1.24809E+01	 1.32868E+01	 1.12332E+01	 9.83365E+00	 9.59546E+00	 8.63227E+00	 1.18625E+01	 1.25063E+01	 1.25798E+01	 9.55582E+00	 1.08928E+01	 1.54128E+01	 1.55000E+01	 1.66791E+01	 1.53193E+01	 1.04808E+01	 1.13042E+01	 1.06908E+01	 1.25197E+01	 1.10367E+01	 8.19582E+00	 8.51677E+00	 6.55174E+00	 6.73725E+00	 7.34229E+00	 1.11334E+01	 1.02294E+01	 1.08667E+01	 9.25000E+00	 1.03697E+01	 1.22905E+01	 1.34642E+01	 1.62291E+01	 1.25921E+01	 1.51838E+01	 2.06240E+01	 1.59667E+01	 1.15000E+01	 1.49439E+01	 1.15579E+01	 1.34956E+01	 1.98067E+01	 1.30168E+01	 1.38058E+01	 1.56334E+01	 1.58455E+01	 1.47944E+01
 1.57675E+01	 1.24098E+01	 9.01634E+00	 8.63655E+00	 8.30855E+00	 1.34013E+01	 1.34506E+01	 9.08582E+00	 7.20065E+00	 7.28429E+00	 9.47416E+00	 1.29646E+01	 1.31664E+01	 1.25300E+01	 1.42199E+01	 1.72718E+01	 1.44807E+01	 1.21751E+01	 8.97637E+00	 9.82799E+00	 1.54794E+01	 1.65904E+01	 1.85630E+01	 1.38916E+01	 1.09712E+01	 1.31428E+01	 1.22887E+01	 1.27691E+01	 1.18910E+01	 6.84214E+00	 5.24455E+00	 8.45620E+00	 5.75321E+00	 5.65336E+00	 6.15336E+00	 6.99563E+00	 1.09377E+01	 1.11509E+01	 1.00717E+01	 9.66084E+00	 1.07517E+01	 1.07026E+01	 1.00474E+01	 1.05091E+01	 9.36410E+00	 1.08218E+01	 1.39067E+01	 1.42649E+01	 1.32113E+01	 1.53509E+01	 1.58117E+01	 1.54002E+01	 1.14832E+01	 1.22164E+01	 9.41703E+00	 1.42481E+01	 1.98026E+01	 1.81673E+01	 2.00908E+01	 1.21782E+01	 1.36608E+01
 1.33893E+01	 1.81516E+01	 1.70000E+01	 1.28803E+01	 1.02268E+01	 7.86909E+00	 7.03823E+00	 8.71678E+00	 1.02150E+01	 1.00533E+01	 1.24159E+01	 1.44328E+01	 1.25909E+01	 1.34016E+01	 1.37768E+01	 1.52833E+01	 1.53154E+01	 1.55145E+01	 1.60567E+01	 1.59034E+01	 1.88298E+01	 1.88865E+01	 2.11423E+01	 2.36983E+01	 1.56378E+01	 1.57418E+01	 1.36663E+01	 1.23965E+01	 9.43954E+00	 5.68300E+00	 6.78274E+00	 6.81651E+00	 5.04992E+00	 6.77058E+00	 8.30262E+00	 8.85836E+00	 1.80367E+01	 1.52587E+01	 1.23031E+01	 1.22400E+01	 1.17836E+01	 8.03865E+00	 9.57665E+00	 9.78991E+00	 1.28258E+01	 2.03334E+01	 1.91253E+01	 1.67231E+01	 1.53067E+01	 1.15464E+01	 1.10860E+01	 1.06075E+01	 1.12277E+01	 1.02281E+01	 7.91399E+00	 1.14795E+01	 1.09108E+01	 1.29650E+01	 1.55909E+01	 1.73321E+01	 1.38859E+01
 1.08060E+01	 1.09820E+01	 1.53697E+01	 1.37508E+01	 1.31288E+01	 1.17006E+01	 8.23319E+00	 6.36345E+00	 1.29140E+01	 1.20834E+01	 1.25256E+01	 1.53723E+01	 1.43025E+01	 1.41241E+01	 1.70830E+01	 1.98691E+01	 1.87254E+01	 2.14079E+01	 1.83330E+01	 2.07668E+01	 2.28162E+01	 2.03893E+01	 2.67563E+01	 2.45924E+01	 2.04665E+01	 1.71591E+01	 1.80466E+01	 1.83346E+01	 8.47449E+00	 7.88593E+00	 8.96307E+00	 9.46530E+00	 9.52432E+00	 7.30673E+00	 1.13590E+01	 1.67089E+01	 1.47286E+01	 1.72342E+01	 1.39013E+01	 1.25168E+01	 1.17023E+01	 1.21290E+01	 8.82325E+00	 7.00000E+00	 1.13920E+01	 1.24081E+01	 1.13584E+01	 1.04526E+01	 1.33829E+01	 1.60752E+01	 1.74171E+01	 9.96746E+00	 1.23341E+01	 7.73318E+00	 7.98314E+00	 9.35524E+00	 1.17269E+01	 9.33346E+00	 8.41345E+00	 1.10946E+01	 1.12250E+01
 1.49282E+01	 1.50866E+01	 1.40904E+01	 1.27794E+01	 1.90168E+01	 1.32825E+01	 1.18217E+01	 9.88338E+00	 1.31392E+01	 1.37582E+01	 1.20798E+01	 1.23025E+01	 1.47625E+01	 1.41374E+01	 2.21804E+01	 1.61886E+01	 1.93666E+01	 1.90206E+01	 1.77413E+01	 2.38593E+01	 2.28441E+01	 2.48341E+01	 2.79357E+01	 1.81800E+01	 2.11128E+01	 2.26995E+01	 2.06870E+01	 2.37657E+01	 1.27049E+01	 8.82894E+00	 8.27432E+00	 1.30739E+01	 1.16843E+01	 1.24653E+01	 1.45332E+01	 1.99002E+01	 1.89919E+01	 1.70504E+01	 1.52332E+01	 1.33582E+01	 1.37237E+01	 1.56455E+01	 1.45136E+01	 1.42836E+01	 1.57500E+01	 1.58484E+01	 1.62325E+01	 1.58409E+01	 1.70057E+01	 1.99328E+01	 1.22769E+01	 1.08933E+01	 9.44738E+00	 9.16084E+00	 1.19291E+01	 9.76682E+00	 1.08084E+01	 1.21229E+01	 8.36102E+00	 1.20000E+01	 1.18298E+01
 2.20245E+01	 2.24352E+01	 2.20284E+01	 1.21580E+01	 1.98083E+01	 1.56365E+01	 1.43466E+01	 9.27458E+00	 5.25083E+00	 1.18198E+01	 9.77688E+00	 1.22257E+01	 1.35032E+01	 1.61401E+01	 2.11915E+01	 2.06767E+01	 1.82036E+01	 1.27939E+01	 1.32851E+01	 2.00831E+01	 2.91775E+01	 2.11818E+01	 2.08860E+01	 3.06391E+01	 2.96149E+01	 2.77587E+01	 2.26216E+01	 2.02427E+01	 1.54982E+01	 1.16527E+01	 1.71993E+01	 1.89170E+01	 1.78572E+01	 1.31886E+01	 1.57973E+01	 1.53882E+01	 1.54089E+01	 1.36895E+01	 1.55368E+01	 1.40966E+01	 1.25807E+01	 1.38423E+01	 1.37333E+01	 1.24096E+01	 2.05567E+01	 1.51365E+01	 1.43235E+01	 1.76312E+01	 1.17631E+01	 1.20686E+01	 1.53628E+01	 9.99091E+00	 1.21284E+01	 1.03595E+01	 7.59870E+00	 1.16437E+01	 1.39386E+01	 1.41272E+01	 1.74169E+01	 1.45720E+01	 1.31907E+01
 2.20875E+01	 2.44170E+01	 2.41323E+01	 1.80784E+01	 1.75678E+01	 1.81533E+01	 1.66625E+01	 1.31330E+01	 1.42500E+01	 1.20907E+01	 9.89539E+00	 1.28766E+01	 1.30527E+01	 1.66433E+01	 1.92131E+01	 2.13448E+01	 1.84163E+01	 1.82413E+01	 2.67675E+01	 3.84909E+01	 2.65829E+01	 3.15474E+01	 2.28059E+01	 2.75717E+01	 2.03666E+01	 2.52456E+01	 2.57165E+01	 2.47294E+01	 1.85819E+01	 1.58991E+01	 1.33853E+01	 2.30900E+01	 2.30032E+01	 2.32269E+01	 1.19737E+01	 1.51535E+01	 1.55158E+01	 9.65254E+00	 1.28495E+01	 1.25401E+01	 1.54616E+01	 1.28117E+01	 1.23159E+01	 1.64433E+01	 1.51204E+01	 1.18678E+01	 1.46939E+01	 1.29023E+01	 1.82250E+01	 1.34775E+01	 1.27909E+01	 1.27850E+01	 1.54978E+01	 1.01352E+01	 1.12911E+01	 1.47258E+01	 2.07308E+01	 2.21248E+01	 2.07191E+01	 1.70967E+01	 1.58860E+01
 1.85402E+01	 2.13448E+01	 2.29442E+01	 1.61459E+01	 1.25875E+01	 1.23060E+01	 1.43819E+01	 1.19343E+01	 1.25861E+01	 1.73734E+01	 1.75474E+01	 2.13865E+01	 1.39773E+01	 1.84059E+01	 2.19401E+01	 2.00489E+01	 1.50946E+01	 1.55901E+01	 2.03635E+01	 2.43647E+01	 2.94812E+01	 2.54601E+01	 2.16591E+01	 1.97500E+01	 2.02657E+01	 2.39173E+01	 2.57116E+01	 1.75044E+01	 1.78410E+01	 1.63541E+01	 1.44971E+01	 1.67436E+01	 2.28291E+01	 1.80246E+01	 1.60206E+01	 1.85499E+01	 1.12882E+01	 1.04324E+01	 1.44483E+01	 6.92958E+00	 1.10483E+01	 1.05039E+01	 9.50699E+00	 9.73318E+00	 1.38963E+01	 8.31024E+00	 9.11821E+00	 1.40522E+01	 1.38904E+01	 1.11384E+01	 1.58378E+01	 1.55439E+01	 1.37133E+01	 1.34009E+01	 9.50000E+00	 1.45798E+01	 1.08764E+01	 1.53091E+01	 2.21996E+01	 1.61642E+01	 1.84983E+01
 1.88550E+01	 1.12456E+01	 1.06817E+01	 1.39409E+01	 1.35241E+01	 1.37466E+01	 1.53928E+01	 1.69327E+01	 1.71411E+01	 1.96073E+01	 1.81170E+01	 2.14613E+01	 1.86464E+01	 2.38409E+01	 2.15034E+01	 2.25940E+01	 2.26867E+01	 1.81340E+01	 1.97500E+01	 2.06020E+01	 2.62413E+01	 2.32115E+01	 1.66144E+01	 1.40664E+01	 1.37827E+01	 1.71241E+01	 1.69458E+01	 1.53878E+01	 1.45157E+01	 1.34159E+01	 1.37219E+01	 1.64329E+01	 1.84009E+01	 2.11005E+01	 2.15662E+01	 1.65987E+01	 1.28991E+01	 1.71168E+01	 1.21659E+01	 9.15605E+00	 7.62465E+00	 1.07762E+01	 7.36500E+00	 7.91654E+00	 8.28007E+00	 1.27027E+01	 1.53965E+01	 1.31895E+01	 1.48348E+01	 1.97445E+01	 1.89251E+01	 1.75224E+01	 1.33609E+01	 1.01197E+01	 1.15255E+01	 9.46571E+00	 1.18288E+01	 1.36166E+01	 1.41349E+01	 1.78130E+01	 1.75935E+01
 1.00558E+01	 8.94745E+00	 1.57276E+01	 1.51422E+01	 1.09569E+01	 1.11410E+01	 1.21457E+01	 1.81596E+01	 1.98159E+01	 1.92236E+01	 1.51800E+01	 1.45831E+01	 1.28086E+01	 1.94538E+01	 2.26240E+01	 1.88235E+01	 1.88004E+01	 1.61951E+01	 2.04700E+01	 1.97618E+01	 2.02382E+01	 1.33100E+01	 1.16626E+01	 1.77299E+01	 1.56978E+01	 1.52332E+01	 1.16573E+01	 1.53922E+01	 2.11036E+01	 1.94776E+01	 1.83410E+01	 1.72538E+01	 2.12867E+01	 2.49557E+01	 2.25739E+01	 1.73965E+01	 1.39083E+01	 1.44083E+01	 1.25534E+01	 1.28468E+01	 1.10231E+01	 9.30800E+00	 9.53952E+00	 7.62981E+00	 8.98546E+00	 9.68273E+00	 9.22740E+00	 1.21430E+01	 1.43805E+01	 2.10570E+01	 2.06749E+01	 1.07185E+01	 9.73725E+00	 1.47175E+01	 9.65661E+00	 1.03908E+01	 1.19836E+01	 1.70341E+01	 1.83823E+01	 1.50683E+01	 1.78466E+01
 8.65980E+00	 1.00830E+01	 1.42191E+01	 1.61142E+01	 1.59116E+01	 1.39021E+01	 2.08317E+01	 1.99395E+01	 1.46135E+01	 1.42007E+01	 1.10000E+01	 1.15294E+01	 1.40243E+01	 1.59868E+01	 1.68321E+01	 2.02690E+01	 1.81836E+01	 1.71330E+01	 2.04966E+01	 1.70700E+01	 9.68966E+00	 8.03819E+00	 1.06915E+01	 1.23209E+01	 1.41035E+01	 1.32436E+01	 1.42200E+01	 1.27745E+01	 1.51990E+01	 1.48841E+01	 1.75141E+01	 1.69791E+01	 1.90063E+01	 1.76428E+01	 1.65904E+01	 1.75000E+01	 1.63872E+01	 1.54873E+01	 1.38925E+01	 9.38186E+00	 1.06437E+01	 8.64632E+00	 6.77257E+00	 7.44738E+00	 6.59351E+00	 7.47955E+00	 8.98693E+00	 1.58741E+01	 1.79067E+01	 1.77481E+01	 1.36670E+01	 1.41323E+01	 1.16223E+01	 1.22482E+01	 1.23716E+01	 1.71693E+01	 1.39430E+01	 1.25336E+01	 1.85693E+01	 2.16259E+01	 1.98740E+01
 1.28298E+01	 1.12675E+01	 1.33200E+01	 2.00147E+01	 1.68319E+01	 1.28567E+01	 1.70168E+01	 1.69498E+01	 1.58064E+01	 1.39843E+01	 1.18466E+01	 1.20246E+01	 1.06618E+01	 1.10032E+01	 1.51066E+01	 1.88466E+01	 1.51933E+01	 1.30717E+01	 9.44957E+00	 7.90273E+00	 6.38159E+00	 7.25000E+00	 1.19818E+01	 1.26809E+01	 1.57437E+01	 2.05904E+01	 1.82437E+01	 1.73666E+01	 1.46985E+01	 1.21241E+01	 1.54876E+01	 1.52962E+01	 1.44832E+01	 1.66159E+01	 1.52741E+01	 1.76241E+01	 1.58916E+01	 1.44601E+01	 1.42495E+01	 1.37944E+01	 1.28967E+01	 1.24134E+01	 1.06433E+01	 8.23318E+00	 8.85728E+00	 8.24431E+00	 1.13497E+01	 1.13249E+01	 1.71516E+01	 1.82657E+01	 1.91486E+01	 1.78491E+01	 1.29072E+01	 1.10525E+01	 1.29913E+01	 1.28682E+01	 1.29549E+01	 1.45246E+01	 1.70058E+01	 2.06291E+01	 1.84430E+01
 1.45294E+01	 1.64601E+01	 1.85632E+01	 1.86067E+01	 1.49128E+01	 1.21365E+01	 1.91996E+01	 1.74664E+01	 1.76393E+01	 1.86963E+01	 1.32808E+01	 1.09003E+01	 1.16596E+01	 1.31536E+01	 1.37994E+01	 1.42989E+01	 1.00351E+01	 7.78819E+00	 7.52058E+00	 7.91167E+00	 8.04337E+00	 7.53254E+00	 7.96638E+00	 8.30418E+00	 1.29002E+01	 1.64501E+01	 2.15158E+01	 1.99776E+01	 1.31975E+01	 1.40645E+01	 1.68410E+01	 2.18706E+01	 1.86768E+01	 2.08683E+01	 1.84909E+01	 1.43641E+01	 1.68006E+01	 1.81608E+01	 1.84202E+01	 1.65517E+01	 1.38965E+01	 1.02865E+01	 9.78183E+00	 8.95228E+00	 9.58833E+00	 8.92666E+00	 8.40349E+00	 8.44826E+00	 1.34573E+01	 1.17369E+01	 1.49414E+01	 1.46783E+01	 1.72500E+01	 1.48196E+01	 9.56024E+00	 1.32887E+01	 1.28067E+01	 8.01622E+00	 1.47194E+01	 1.44773E+01	 1.35609E+01
 1.13151E+01	 1.37332E+01	 2.01078E+01	 1.67605E+01	 1.19300E+01	 1.53951E+01	 1.53741E+01	 1.74696E+01	 2.20262E+01	 2.22691E+01	 1.77432E+01	 1.81166E+01	 1.68235E+01	 1.68448E+01	 2.13319E+01	 1.49080E+01	 1.15466E+01	 1.51141E+01	 7.84736E+00	 1.09619E+01	 1.21330E+01	 9.74126E+00	 9.25986E+00	 1.09707E+01	 1.40232E+01	 2.08421E+01	 1.65246E+01	 1.71958E+01	 1.87331E+01	 1.10475E+01	 1.60147E+01	 2.04027E+01	 2.33803E+01	 1.62836E+01	 1.38385E+01	 1.64091E+01	 2.26259E+01	 1.90044E+01	 1.79096E+01	 1.47382E+01	 1.61567E+01	 1.30667E+01	 1.47413E+01	 9.49126E+00	 7.62227E+00	 9.50627E+00	 8.06669E+00	 1.15168E+01	 1.20773E+01	 1.59768E+01	 1.78375E+01	 1.91895E+01	 1.54668E+01	 1.38283E+01	 1.38567E+01	 1.21742E+01	 1.23666E+01	 1.20830E+01	 1.23298E+01	 1.29864E+01	 1.05778E+01
 1.12825E+01	 9.84433E+00	 1.35970E+01	 1.10861E+01	 1.36471E+01	 1.84159E+01	 1.80315E+01	 1.93299E+01	 2.08392E+01	 1.80904E+01	 1.76465E+01	 2.10841E+01	 1.69972E+01	 2.25739E+01	 1.87745E+01	 1.84158E+01	 1.27275E+01	 1.12675E+01	 1.02026E+01	 1.22413E+01	 1.34601E+01	 1.38005E+01	 1.47746E+01	 1.06552E+01	 1.55827E+01	 2.37662E+01	 2.13909E+01	 2.03278E+01	 2.04873E+01	 1.62131E+01	 1.35262E+01	 1.90991E+01	 1.93677E+01	 1.46996E+01	 1.59665E+01	 1.48939E+01	 1.24997E+01	 1.08016E+01	 1.23290E+01	 1.32099E+01	 1.34386E+01	 1.19158E+01	 1.13336E+01	 1.10000E+01	 1.54350E+01	 1.27895E+01	 8.53005E+00	 1.27626E+01	 9.27496E+00	 1.31899E+01	 1.20556E+01	 1.22083E+01	 9.91595E+00	 9.48136E+00	 1.01596E+01	 1.01387E+01	 1.14809E+01	 1.45280E+01	 1.24370E+01	 1.30720E+01	 1.30559E+01
 1.66006E+01	 1.92647E+01	 1.79415E+01	 1.25807E+01	 1.93275E+01	 2.36190E+01	 1.95020E+01	 1.42274E+01	 1.68886E+01	 1.51002E+01	 2.25474E+01	 1.61366E+01	 1.14291E+01	 1.49689E+01	 1.58482E+01	 1.38648E+01	 1.46378E+01	 1.73130E+01	 1.69665E+01	 1.51702E+01	 1.73235E+01	 1.18628E+01	 1.47218E+01	 1.34172E+01	 2.34330E+01	 2.08209E+01	 2.35504E+01	 2.52027E+01	 1.89012E+01	 1.80568E+01	 1.53815E+01	 1.26036E+01	 1.02954E+01	 1.18881E+01	 1.49570E+01	 1.42887E+01	 1.31148E+01	 2.10063E+01	 1.78235E+01	 2.13523E+01	 1.54323E+01	 1.37225E+01	 1.27164E+01	 1.05325E+01	 1.12207E+01	 1.39664E+01	 1.49377E+01	 1.07582E+01	 1.01559E+01	 1.17886E+01	 8.56050E+00	 1.09925E+01	 9.26345E+00	 1.07878E+01	 8.17423E+00	 7.42296E+00	 1.00087E+01	 1.00973E+01	 1.11361E+01	 1.01471E+01	 1.43025E+01
 1.84927E+01	 2.38130E+01	 2.37326E+01	 1.85246E+01	 1.98232E+01	 1.61653E+01	 1.50127E+01	 1.78143E+01	 1.25325E+01	 1.21241E+01	 1.65000E+01	 1.49333E+01	 8.74253E+00	 8.85666E+00	 1.11433E+01	 1.31534E+01	 1.31205E+01	 1.74913E+01	 9.18040E+00	 1.26914E+01	 1.40966E+01	 1.38852E+01	 1.35364E+01	 1.22983E+01	 1.84831E+01	 1.90861E+01	 1.97856E+01	 1.91783E+01	 1.72212E+01	 1.99534E+01	 1.48455E+01	 8.25881E+00	 1.18882E+01	 1.63930E+01	 1.76775E+01	 1.60278E+01	 1.46200E+01	 1.98759E+01	 1.90450E+01	 1.63584E+01	 1.24523E+01	 1.31330E+01	 1.42464E+01	 1.28392E+01	 1.41751E+01	 1.20559E+01	 1.37587E+01	 1.06234E+01	 1.54670E+01	 1.79292E+01	 1.14307E+01	 1.18235E+01	 9.25817E+00	 1.08161E+01	 6.91561E+00	 1.12106E+01	 1.20000E+01	 1.24192E+01	 1.03635E+01	 1.17391E+01	 9.56651E+00
 2.51095E+01	 2.07247E+01	 1.80147E+01	 1.73859E+01	 1.43466E+01	 1.27325E+01	 1.04061E+01	 6.75000E+00	 9.23318E+00	 1.09498E+01	 1.19455E+01	 1.15601E+01	 9.49234E+00	 1.25245E+01	 9.60653E+00	 1.38791E+01	 1.21378E+01	 1.35168E+01	 1.37007E+01	 1.45561E+01	 1.55000E+01	 1.50321E+01	 1.54776E+01	 1.35829E+01	 1.74255E+01	 2.03614E+01	 1.30564E+01	 1.98668E+01	 1.53199E+01	 1.67983E+01	 8.93168E+00	 1.14496E+01	 1.51615E+01	 2.22719E+01	 1.77091E+01	 2.01674E+01	 1.48918E+01	 1.82150E+01	 1.97555E+01	 1.63852E+01	 2.22836E+01	 1.89782E+01	 1.43650E+01	 1.61298E+01	 1.81611E+01	 1.89334E+01	 1.69163E+01	 9.84546E+00	 9.16669E+00	 1.26666E+01	 1.22675E+01	 1.18740E+01	 1.18666E+01	 9.84546E+00	 1.06665E+01	 1.20473E+01	 1.14170E+01	 6.62159E+00	 7.45949E+00	 7.93559E+00	 1.29283E+01
 1.68222E+01	 2.06422E+01	 1.69108E+01	 1.63200E+01	 1.51238E+01	 1.58741E+01	 1.13491E+01	 5.56171E+00	 1.17373E+01	 1.65489E+01	 9.34091E+00	 9.50193E+00	 8.28498E+00	 9.96993E+00	 1.06139E+01	 9.24563E+00	 1.02032E+01	 1.12743E+01	 1.10635E+01	 1.63697E+01	 1.41596E+01	 9.84477E+00	 1.43484E+01	 1.80888E+01	 1.88655E+01	 1.73759E+01	 1.64265E+01	 1.34065E+01	 1.25241E+01	 1.36680E+01	 1.21001E+01	 2.08230E+01	 2.44308E+01	 2.39247E+01	 2.06209E+01	 1.89165E+01	 1.67202E+01	 1.73963E+01	 1.61534E+01	 1.81177E+01	 2.39982E+01	 1.82332E+01	 1.65236E+01	 1.65567E+01	 2.14475E+01	 1.48105E+01	 1.49843E+01	 1.39430E+01	 9.79825E+00	 1.11366E+01	 1.49283E+01	 1.51800E+01	 1.24105E+01	 9.05486E+00	 6.69571E+00	 1.26534E+01	 1.33766E+01	 7.55601E+00	 9.18168E+00	 7.94185E+00	 8.41633E+00
 1.10158E+01	 1.25981E+01	 1.37446E+01	 1.33034E+01	 9.84433E+00	 1.20526E+01	 1.33516E+01	 9.66837E+00	 8.73323E+00	 7.93337E+00	 8.27529E+00	 7.99457E+00	 9.60350E+00	 1.27896E+01	 9.75000E+00	 1.09873E+01	 9.85591E+00	 9.98637E+00	 1.20943E+01	 8.19757E+00	 6.98028E+00	 7.87159E+00	 9.18519E+00	 1.12395E+01	 9.31300E+00	 1.01995E+01	 1.72464E+01	 1.72445E+01	 1.55991E+01	 1.39738E+01	 1.51148E+01	 1.60858E+01	 1.49441E+01	 2.16974E+01	 1.49964E+01	 1.03650E+01	 1.42731E+01	 1.64850E+01	 1.11516E+01	 1.21665E+01	 1.24783E+01	 1.96824E+01	 1.83922E+01	 2.12413E+01	 2.00474E+01	 1.54825E+01	 1.21360E+01	 1.64832E+01	 1.38933E+01	 1.50717E+01	 1.61168E+01	 1.44984E+01	 1.32595E+01	 1.29841E+01	 9.01454E+00	 1.13224E+01	 1.12413E+01	 1.02391E+01	 1.13655E+01	 1.10878E+01	 8.07837E+00
 8.89651E+00	 1.85000E+01	 1.59615E+01	 1.13597E+01	 9.62046E+00	 9.75955E+00	 1.20892E+01	 1.36259E+01	 1.08614E+01	 8.29955E+00	 7.68149E+00	 1.36650E+01	 1.22816E+01	 1.30350E+01	 1.31416E+01	 1.00651E+01	 7.91576E+00	 7.34165E+00	 1.28217E+01	 1.49370E+01	 1.41710E+01	 1.16502E+01	 1.23070E+01	 1.29493E+01	 9.94055E+00	 9.14476E+00	 1.32750E+01	 1.31422E+01	 1.64009E+01	 1.01241E+01	 1.18529E+01	 1.36491E+01	 1.66298E+01	 1.28197E+01	 1.19631E+01	 1.32500E+01	 1.35630E+01	 1.05000E+01	 1.13893E+01	 1.17887E+01	 1.33416E+01	 1.67164E+01	 1.80000E+01	 2.00036E+01	 2.15000E+01	 1.26097E+01	 8.11186E+00	 1.14009E+01	 1.50333E+01	 1.46646E+01	 1.32825E+01	 1.27775E+01	 1.32032E+01	 1.01955E+01	 9.52821E+00	 8.82556E+00	 1.45175E+01	 1.35082E+01	 1.22887E+01	 1.52964E+01	 1.31340E+01
 1.11852E+01	 1.48791E+01	 1.67577E+01	 1.97239E+01	 1.44956E+01	 1.10000E+01	 9.88780E+00	 1.23748E+01	 1.10749E+01	 1.00000E+01	 1.25567E+01	 1.73025E+01	 2.15749E+01	 1.47991E+01	 1.49956E+01	 1.13205E+01	 1.05852E+01	 1.23077E+01	 1.18702E+01	 1.37930E+01	 1.29698E+01	 1.30991E+01	 1.31465E+01	 1.26248E+01	 1.68769E+01	 1.29702E+01	 9.97757E+00	 1.15081E+01	 9.89651E+00	 1.03382E+01	 1.04526E+01	 6.23318E+00	 5.73819E+00	 9.87046E+00	 1.13077E+01	 1.10246E+01	 1.08392E+01	 1.03749E+01	 9.85046E+00	 1.21233E+01	 1.45000E+01	 1.37231E+01	 1.29009E+01	 1.25000E+01	 1.45224E+01	 1.07500E+01	 1.01375E+01	 9.81002E+00	 1.21783E+01	 1.23067E+01	 8.80174E+00	 1.09562E+01	 1.14519E+01	 1.15451E+01	 1.04009E+01	 1.03837E+01	 1.23298E+01	 1.46958E+01	 1.44180E+01	 1.60378E+01	 1.17836E+01
 1.25032E+01	 1.44583E+01	 1.03361E+01	 1.68960E+01	 1.95630E+01	 1.91084E+01	 1.45807E+01	 1.38918E+01	 1.12564E+01	 9.56046E+00	 1.25517E+01	 1.76290E+01	 1.81009E+01	 1.65347E+01	 1.94338E+01	 1.38678E+01	 9.56616E+00	 1.04949E+01	 1.48059E+01	 1.53491E+01	 1.49265E+01	 1.24433E+01	 1.22993E+01	 6.90665E+00	 1.06259E+01	 1.15830E+01	 1.50430E+01	 1.60560E+01	 2.23392E+01	 1.32497E+01	 1.14932E+01	 9.49559E+00	 8.53669E+00	 1.53866E+01	 1.28666E+01	 1.73273E+01	 1.36334E+01	 1.89034E+01	 1.69664E+01	 1.56366E+01	 1.29833E+01	 9.27821E+00	 8.45261E+00	 9.24564E+00	 8.54393E+00	 9.36767E+00	 8.71638E+00	 6.76591E+00	 6.56297E+00	 9.73510E+00	 1.13797E+01	 1.11410E+01	 1.15564E+01	 1.07481E+01	 1.27001E+01	 1.34169E+01	 1.41870E+01	 1.25861E+01	 1.55462E+01	 1.70542E+01	 1.75998E+01
 1.58373E+01	 1.89497E+01	 2.15064E+01	 1.57418E+01	 1.46827E+01	 1.23329E+01	 1.44532E+01	 9.40880E+00	 1.35176E+01	 1.22055E+01	 1.62573E+01	 1.81770E+01	 1.44836E+01	 1.52437E+01	 1.66314E+01	 1.99352E+01	 1.69370E+01	 1.32501E+01	 1.56560E+01	 1.20692E+01	 1.89451E+01	 1.27805E+01	 1.46241E+01	 1.45431E+01	 1.19184E+01	 1.37391E+01	 1.76105E+01	 2.11150E+01	 1.27648E+01	 1.07150E+01	 1.11269E+01	 1.25231E+01	 1.33641E+01	 1.84433E+01	 2.02053E+01	 2.21410E+01	 2.01247E+01	 1.97315E+01	 2.12830E+01	 1.72582E+01	 1.55243E+01	 1.18965E+01	 1.53222E+01	 1.26841E+01	 1.51852E+01	 1.16386E+01	 1.02254E+01	 1.33916E+01	 1.29913E+01	 9.17072E+00	 9.40365E+00	 9.78362E+00	 1.68808E+01	 1.51817E+01	 1.14934E+01	 1.41056E+01	 1.23404E+01	 1.69153E+01	 1.40136E+01	 1.73899E+01	 2.02983E+01
 1.53975E+01	 1.59221E+01	 1.69573E+01	 1.40192E+01	 1.92282E+01	 1.56967E+01	 1.50000E+01	 1.79496E+01	 1.08797E+01	 9.53952E+00	 1.18889E+01	 1.59549E+01	 1.57920E+01	 1.90087E+01	 2.17691E+01	 1.96744E+01	 1.35395E+01	 2.17456E+01	 1.99769E+01	 1.98865E+01	 1.40564E+01	 1.51789E+01	 1.15926E+01	 1.35000E+01	 1.90294E+01	 1.74918E+01	 1.64306E+01	 1.23454E+01	 1.27780E+01	 1.15923E+01	 1.22170E+01	 1.31812E+01	 1.70330E+01	 1.93317E+01	 2.09894E+01	 2.03255E+01	 2.33734E+01	 2.23077E+01	 1.63574E+01	 1.59324E+01	 1.44448E+01	 1.73928E+01	 1.25617E+01	 1.13511E+01	 1.28252E+01	 1.33573E+01	 2.02164E+01	 1.95256E+01	 1.68416E+01	 1.33649E+01	 1.13766E+01	 1.28580E+01	 1.99526E+01	 1.18834E+01	 1.34914E+01	 1.33385E+01	 1.53586E+01	 1.36291E+01	 1.16275E+01	 1.05000E+01	 1.49098E+01
 1.69712E+01	 1.70614E+01	 9.91118E+00	 1.08434E+01	 1.45258E+01	 1.53273E+01	 1.03552E+01	 9.81487E+00	 1.24210E+01	 1.15405E+01	 1.30749E+01	 1.39415E+01	 2.18471E+01	 1.28053E+01	 1.02833E+01	 1.15875E+01	 1.73989E+01	 2.13573E+01	 1.79764E+01	 1.34948E+01	 1.63666E+01	 1.37034E+01	 1.19469E+01	 1.16605E+01	 1.36246E+01	 1.05436E+01	 1.16167E+01	 1.72169E+01	 1.53124E+01	 1.04059E+01	 7.73194E+00	 9.76181E+00	 1.11692E+01	 1.29250E+01	 1.58441E+01	 1.62902E+01	 1.65861E+01	 1.99776E+01	 1.42833E+01	 1.35494E+01	 1.26827E+01	 1.27786E+01	 1.37028E+01	 1.69604E+01	 1.89825E+01	 1.20000E+01	 1.79308E+01	 1.86933E+01	 1.81024E+01	 1.65105E+01	 1.62593E+01	 1.28218E+01	 1.31659E+01	 1.12696E+01	 1.20232E+01	 1.00683E+01	 1.29401E+01	 1.14431E+01	 1.31011E+01	 9.99455E+00	 1.54266E+01
 2.38298E+01	 1.60036E+01	 8.51573E+00	 8.57899E+00	 1.15246E+01	 1.49159E+01	 1.08421E+01	 1.11760E+01	 1.01313E+01	 1.34154E+01	 1.28473E+01	 1.63671E+01	 2.10000E+01	 1.41266E+01	 1.60000E+01	 1.41166E+01	 1.94096E+01	 1.25904E+01	 1.17535E+01	 1.48892E+01	 1.27332E+01	 1.37962E+01	 1.55907E+01	 1.11181E+01	 6.49515E+00	 1.54338E+01	 1.52001E+01	 1.30000E+01	 2.06334E+01	 1.36465E+01	 1.36596E+01	 1.30332E+01	 1.45473E+01	 1.60683E+01	 1.55873E+01	 1.61430E+01	 1.56897E+01	 1.39229E+01	 1.31995E+01	 1.53151E+01	 9.60916E+00	 1.17116E+01	 1.18641E+01	 1.55387E+01	 1.64664E+01	 1.22286E+01	 1.70861E+01	 1.93200E+01	 1.32594E+01	 1.58114E+01	 1.10728E+01	 1.16420E+01	 1.36359E+01	 8.68986E+00	 9.72730E+00	 1.27425E+01	 1.10192E+01	 1.26202E+01	 8.93654E+00	 1.10192E+01	 1.30384E+01
 1.62663E+01	 1.06353E+01	 7.45008E+00	 6.58655E+00	 7.41070E+00	 1.05058E+01	 1.58577E+01	 1.52825E+01	 1.00965E+01	 1.18562E+01	 1.32547E+01	 1.31955E+01	 1.25998E+01	 1.51323E+01	 1.29664E+01	 9.53429E+00	 1.33555E+01	 1.31134E+01	 1.24664E+01	 9.03274E+00	 1.02500E+01	 1.11502E+01	 1.34843E+01	 1.17836E+01	 9.60350E+00	 9.01681E+00	 1.42679E+01	 1.50179E+01	 1.38067E+01	 9.78991E+00	 6.10495E+00	 9.95582E+00	 1.40693E+01	 1.70697E+01	 1.19054E+01	 1.24591E+01	 1.55861E+01	 1.77563E+01	 1.56939E+01	 1.62901E+01	 1.62551E+01	 1.10467E+01	 8.76340E+00	 1.17212E+01	 1.13186E+01	 1.13759E+01	 7.45620E+00	 8.53032E+00	 7.74126E+00	 1.02456E+01	 1.00517E+01	 7.77071E+00	 7.80828E+00	 1.02372E+01	 1.53916E+01	 1.29821E+01	 1.07564E+01	 8.71678E+00	 1.12500E+01	 1.10761E+01	 1.33305E+01
 1.84166E+01	 1.30696E+01	 1.13916E+01	 8.98236E+00	 1.08330E+01	 1.04496E+01	 1.48823E+01	 1.21149E+01	 1.28163E+01	 1.28580E+01	 1.30665E+01	 9.76634E+00	 1.11155E+01	 1.92825E+01	 2.07321E+01	 1.78991E+01	 1.48916E+01	 1.36260E+01	 1.73319E+01	 1.61365E+01	 1.05182E+01	 1.32836E+01	 1.47269E+01	 8.02320E+00	 9.43245E+00	 1.30948E+01	 7.03956E+00	 8.81144E+00	 1.14832E+01	 1.05439E+01	 1.11404E+01	 9.95620E+00	 1.13597E+01	 1.22741E+01	 1.43124E+01	 1.41870E+01	 1.29847E+01	 1.31782E+01	 1.57588E+01	 2.13724E+01	 1.84099E+01	 1.77164E+01	 1.66082E+01	 1.29287E+01	 1.44810E+01	 1.37238E+01	 2.00000E+01	 1.59825E+01	 1.12418E+01	 9.04739E+00	 7.27206E+00	 8.60604E+00	 7.41694E+00	 1.05397E+01	 1.65780E+01	 1.39821E+01	 8.86824E+00	 7.33746E+00	 8.10300E+00	 6.66374E+00	 1.26067E+01
 9.68700E+00	 1.03166E+01	 6.65980E+00	 6.05327E+00	 8.76634E+00	 1.17382E+01	 8.86468E+00	 9.25000E+00	 1.26867E+01	 1.55933E+01	 1.17827E+01	 9.44941E+00	 1.38974E+01	 1.58724E+01	 1.53170E+01	 1.65717E+01	 1.64706E+01	 1.60483E+01	 1.25603E+01	 1.31580E+01	 9.36659E+00	 8.96220E+00	 8.72779E+00	 7.82325E+00	 1.22563E+01	 1.30691E+01	 9.89476E+00	 1.12238E+01	 1.43731E+01	 7.71959E+00	 6.54825E+00	 8.66608E+00	 8.03922E+00	 1.00351E+01	 1.83001E+01	 1.59634E+01	 1.25414E+01	 9.86854E+00	 1.73903E+01	 2.09882E+01	 1.92264E+01	 2.34251E+01	 2.29045E+01	 2.22962E+01	 1.86970E+01	 1.47636E+01	 1.19908E+01	 1.62427E+01	 1.36760E+01	 1.03834E+01	 8.16084E+00	 7.00000E+00	 8.68991E+00	 1.34927E+01	 1.65243E+01	 1.10125E+01	 9.45582E+00	 7.76255E+00	 8.88405E+00	 1.13916E+01	 9.26749E+00
 1.37091E+01	 1.10325E+01	 7.54640E+00	 8.17018E+00	 7.80639E+00	 7.00642E+00	 1.30567E+01	 1.14202E+01	 1.18005E+01	 1.05784E+01	 1.01266E+01	 9.46072E+00	 1.11330E+01	 1.05397E+01	 1.57508E+01	 1.54700E+01	 2.12107E+01	 1.31747E+01	 1.42288E+01	 1.29302E+01	 1.11567E+01	 1.02099E+01	 2.02239E+01	 1.73298E+01	 1.34583E+01	 1.42500E+01	 1.46365E+01	 1.21216E+01	 1.20601E+01	 9.46791E+00	 1.30892E+01	 9.35728E+00	 6.02546E+00	 1.00517E+01	 8.75000E+00	 1.25168E+01	 1.48798E+01	 1.55412E+01	 1.37860E+01	 1.41471E+01	 1.17932E+01	 1.46655E+01	 1.44360E+01	 2.27088E+01	 1.76659E+01	 1.68025E+01	 1.10817E+01	 1.25430E+01	 1.49264E+01	 1.21323E+01	 9.75817E+00	 5.44753E+00	 1.17282E+01	 1.58468E+01	 1.44891E+01	 1.21830E+01	 1.25917E+01	 9.28498E+00	 8.03316E+00	 1.62819E+01	 1.39665E+01
 1.31192E+01	 1.02332E+01	 1.22032E+01	 1.39755E+01	 9.83882E+00	 1.03616E+01	 1.00483E+01	 1.28110E+01	 1.42306E+01	 2.38148E+01	 1.37428E+01	 7.91357E+00	 1.24046E+01	 8.91728E+00	 1.11050E+01	 1.41029E+01	 1.58319E+01	 1.37500E+01	 1.20387E+01	 1.61291E+01	 2.31373E+01	 1.38209E+01	 2.15717E+01	 1.85718E+01	 1.14199E+01	 1.11824E+01	 1.26340E+01	 1.14083E+01	 9.39334E+00	 9.19673E+00	 8.47162E+00	 1.09456E+01	 8.99185E+00	 1.08937E+01	 1.73834E+01	 2.05683E+01	 1.24664E+01	 1.27692E+01	 1.29675E+01	 1.36234E+01	 1.46540E+01	 1.20336E+01	 1.66958E+01	 1.72425E+01	 1.81846E+01	 1.50568E+01	 1.13498E+01	 1.52628E+01	 1.42268E+01	 1.09150E+01	 6.96135E+00	 8.06241E+00	 1.79442E+01	 1.35699E+01	 1.54774E+01	 1.56195E+01	 1.08502E+01	 8.00000E+00	 1.06410E+01	 1.17150E+01	 1.69214E+01
 1.77118E+01	 1.60683E+01	 1.83724E+01	 2.13888E+01	 1.64869E+01	 1.00063E+01	 1.80412E+01	 2.16290E+01	 2.72858E+01	 2.40442E+01	 2.04712E+01	 1.97468E+01	 1.35720E+01	 1.40600E+01	 1.10828E+01	 1.06416E+01	 1.18689E+01	 1.27788E+01	 2.38786E+01	 3.00861E+01	 1.89907E+01	 2.23572E+01	 2.06084E+01	 2.34968E+01	 1.14036E+01	 1.10451E+01	 1.40526E+01	 9.39805E+00	 1.13267E+01	 1.11785E+01	 1.05109E+01	 1.01552E+01	 1.46573E+01	 1.46068E+01	 1.52600E+01	 1.85583E+01	 1.66425E+01	 2.22711E+01	 1.50390E+01	 1.38157E+01	 1.88638E+01	 1.06966E+01	 1.52038E+01	 1.56229E+01	 8.14367E+00	 1.15293E+01	 1.71141E+01	 1.72239E+01	 2.23218E+01	 1.75933E+01	 1.53734E+01	 1.59613E+01	 1.09226E+01	 1.45104E+01	 1.92333E+01	 1.68428E+01	 1.30965E+01	 1.22850E+01	 1.51420E+01	 2.05032E+01	 2.06824E+01
 1.18742E+01	 1.28290E+01	 1.93361E+01	 2.55525E+01	 1.31849E+01	 1.34346E+01	 1.70808E+01	 2.49667E+01	 1.74252E+01	 1.55696E+01	 1.61401E+01	 1.21422E+01	 1.60000E+01	 1.25284E+01	 1.16828E+01	 1.30439E+01	 1.67026E+01	 1.81009E+01	 1.71362E+01	 2.80822E+01	 2.47028E+01	 2.24832E+01	 2.52321E+01	 2.68004E+01	 1.58124E+01	 1.52050E+01	 1.86318E+01	 1.10998E+01	 1.08769E+01	 8.27634E+00	 8.11345E+00	 8.47316E+00	 1.07833E+01	 1.18892E+01	 1.32829E+01	 1.29526E+01	 1.60605E+01	 1.54712E+01	 1.73209E+01	 1.66141E+01	 1.75848E+01	 1.56828E+01	 1.12769E+01	 1.30222E+01	 1.41909E+01	 1.90002E+01	 2.11598E+01	 1.70486E+01	 2.18735E+01	 1.92629E+01	 1.41034E+01	 1.37844E+01	 1.05892E+01	 1.58955E+01	 1.96640E+01	 1.28713E+01	 1.04101E+01	 1.03866E+01	 1.56064E+01	 1.83584E+01	 2.22832E+01
 1.68233E+01	 1.36974E+01	 1.66197E+01	 1.20517E+01	 7.75260E+00	 1.24527E+01	 1.20470E+01	 1.32990E+01	 2.01241E+01	 1.55395E+01	 2.02332E+01	 1.96204E+01	 1.82983E+01	 2.17679E+01	 1.39537E+01	 1.22768E+01	 1.11596E+01	 2.03741E+01	 1.31147E+01	 1.61958E+01	 1.63376E+01	 2.07320E+01	 2.19794E+01	 1.67588E+01	 1.71185E+01	 1.62784E+01	 1.67663E+01	 1.27700E+01	 1.54882E+01	 8.17018E+00	 8.44080E+00	 6.93865E+00	 1.10063E+01	 1.08866E+01	 1.09291E+01	 1.64409E+01	 1.62614E+01	 1.56120E+01	 1.57825E+01	 9.85773E+00	 1.42500E+01	 1.68228E+01	 1.04333E+01	 7.48251E+00	 1.25164E+01	 1.51751E+01	 1.80462E+01	 1.72775E+01	 2.07824E+01	 2.33402E+01	 2.22973E+01	 1.56445E+01	 1.27973E+01	 1.38217E+01	 1.98346E+01	 1.45373E+01	 1.81862E+01	 2.03124E+01	 1.54665E+01	 1.68162E+01	 2.29379E+01
 1.44497E+01	 1.29616E+01	 1.14646E+01	 7.94080E+00	 7.68954E+00	 1.12500E+01	 1.46709E+01	 1.56593E+01	 1.36427E+01	 1.98709E+01	 2.19328E+01	 1.69495E+01	 2.26486E+01	 2.04165E+01	 1.63862E+01	 1.47801E+01	 1.12966E+01	 1.00614E+01	 9.12909E+00	 1.02736E+01	 1.38803E+01	 1.29474E+01	 1.65614E+01	 1.34918E+01	 1.49501E+01	 1.69726E+01	 1.37563E+01	 1.51534E+01	 1.52500E+01	 1.54433E+01	 1.13320E+01	 1.05784E+01	 9.64147E+00	 1.33042E+01	 1.62692E+01	 1.51933E+01	 1.71995E+01	 1.95499E+01	 1.81135E+01	 1.00387E+01	 1.12489E+01	 9.69753E+00	 8.19753E+00	 9.64084E+00	 1.30034E+01	 1.09087E+01	 1.64002E+01	 1.51495E+01	 1.69397E+01	 1.60991E+01	 1.54718E+01	 1.22199E+01	 1.14193E+01	 1.22582E+01	 1.21502E+01	 7.28639E+00	 1.08878E+01	 1.56020E+01	 1.24962E+01	 1.74506E+01	 2.29510E+01
 9.89039E+00	 1.04659E+01	 1.06422E+01	 1.38465E+01	 1.49845E+01	 1.30197E+01	 1.89016E+01	 2.23935E+01	 1.72419E+01	 1.79757E+01	 2.05000E+01	 1.74012E+01	 1.77722E+01	 1.37457E+01	 1.09783E+01	 1.31422E+01	 1.07987E+01	 1.04158E+01	 1.18724E+01	 1.29983E+01	 1.35081E+01	 1.14622E+01	 8.93300E+00	 1.27124E+01	 1.46264E+01	 1.33666E+01	 1.26909E+01	 1.47107E+01	 1.77275E+01	 1.85778E+01	 2.04712E+01	 1.76843E+01	 1.31268E+01	 1.18853E+01	 1.42788E+01	 1.45261E+01	 1.42668E+01	 1.34782E+01	 1.61229E+01	 1.14996E+01	 9.41591E+00	 7.74143E+00	 6.64977E+00	 8.75385E+00	 1.55293E+01	 1.49467E+01	 1.55841E+01	 1.79843E+01	 1.41513E+01	 1.02867E+01	 1.06765E+01	 1.10063E+01	 8.93642E+00	 9.78890E+00	 1.15603E+01	 1.01887E+01	 7.51682E+00	 1.31167E+01	 9.06346E+00	 1.38692E+01	 1.55008E+01
 1.12962E+01	 1.53033E+01	 1.65739E+01	 1.20505E+01	 1.38582E+01	 1.80813E+01	 1.77122E+01	 1.60601E+01	 1.40939E+01	 1.56471E+01	 1.33803E+01	 1.53777E+01	 1.53042E+01	 1.50533E+01	 1.52124E+01	 8.76579E+00	 6.60586E+00	 1.16843E+01	 1.27294E+01	 1.05635E+01	 1.08666E+01	 1.03433E+01	 9.35412E+00	 9.81300E+00	 1.32994E+01	 1.23162E+01	 1.25409E+01	 1.37563E+01	 1.46017E+01	 1.40489E+01	 1.65976E+01	 1.56658E+01	 1.44788E+01	 1.49588E+01	 1.12650E+01	 1.30000E+01	 1.00830E+01	 8.91595E+00	 9.05375E+00	 1.25077E+01	 1.30525E+01	 1.03338E+01	 9.11909E+00	 1.12994E+01	 1.82887E+01	 1.79052E+01	 1.41234E+01	 1.26727E+01	 1.31727E+01	 1.14324E+01	 9.03316E+00	 7.22566E+00	 9.22940E+00	 1.53803E+01	 1.84433E+01	 1.28844E+01	 1.25032E+01	 1.68916E+01	 1.35082E+01	 1.31266E+01	 1.39918E+01
 1.82332E+01	 1.75000E+01	 1.60206E+01	 1.63570E+01	 1.50243E+01	 1.70672E+01	 2.21974E+01	 2.23640E+01	 1.67319E+01	 2.17762E+01	 1.96867E+01	 2.18172E+01	 1.59166E+01	 1.43159E+01	 1.75494E+01	 1.87478E+01	 1.39683E+01	 1.22973E+01	 1.37155E+01	 1.04573E+01	 1.48161E+01	 1.15784E+01	 6.44172E+00	 8.50321E+00	 1.11365E+01	 9.38910E+00	 1.27914E+01	 1.28659E+01	 1.13338E+01	 1.40194E+01	 9.31593E+00	 1.17570E+01	 1.06828E+01	 9.13222E+00	 1.17251E+01	 7.88410E+00	 9.87415E+00	 7.36659E+00	 1.02245E+01	 1.30097E+01	 1.35707E+01	 1.18634E+01	 1.25662E+01	 1.84624E+01	 1.66841E+01	 1.51085E+01	 1.01141E+01	 9.71946E+00	 1.12133E+01	 9.20132E+00	 7.40414E+00	 8.85495E+00	 1.04173E+01	 1.36659E+01	 1.51050E+01	 1.38741E+01	 1.72027E+01	 1.57856E+01	 1.31659E+01	 1.61941E+01	 1.59570E+01
 1.41197E+01	 1.42049E+01	 1.52617E+01	 1.44937E+01	 2.19146E+01	 1.37086E+01	 1.65011E+01	 2.11097E+01	 2.56817E+01	 1.97500E+01	 2.06309E+01	 1.80124E+01	 1.57343E+01	 1.28536E+01	 1.23667E+01	 1.17483E+01	 9.99830E+00	 1.00264E+01	 1.36580E+01	 1.24456E+01	 1.19474E+01	 1.62001E+01	 8.78316E+00	 8.85355E+00	 1.13407E+01	 1.18292E+01	 1.16481E+01	 1.41856E+01	 1.31273E+01	 1.59891E+01	 1.55077E+01	 1.10158E+01	 8.75189E+00	 1.15756E+01	 1.28861E+01	 9.13220E+00	 1.58151E+01	 1.14557E+01	 1.09793E+01	 1.37983E+01	 1.26730E+01	 1.26830E+01	 1.65753E+01	 1.46002E+01	 1.68331E+01	 1.57150E+01	 1.30835E+01	 1.33955E+01	 1.11987E+01	 1.02552E+01	 7.69150E+00	 9.57899E+00	 1.24832E+01	 1.43298E+01	 1.50798E+01	 1.77345E+01	 1.24794E+01	 1.69895E+01	 1.82032E+01	 1.37968E+01	 1.28167E+01
 1.27413E+01	 1.51673E+01	 1.61580E+01	 1.80486E+01	 2.11599E+01	 1.76830E+01	 1.33683E+01	 1.33891E+01	 1.78199E+01	 2.28391E+01	 2.31514E+01	 1.95731E+01	 1.52086E+01	 1.34902E+01	 1.53635E+01	 1.02974E+01	 1.12769E+01	 1.38477E+01	 1.27164E+01	 1.37234E+01	 1.56665E+01	 2.24636E+01	 1.14620E+01	 1.22706E+01	 1.18173E+01	 9.99959E+00	 1.68729E+01	 1.40806E+01	 1.64537E+01	 1.12695E+01	 1.35718E+01	 1.41416E+01	 1.28028E+01	 1.11433E+01	 1.48395E+01	 1.48004E+01	 1.59108E+01	 1.38042E+01	 1.17836E+01	 1.45333E+01	 1.74918E+01	 2.26365E+01	 1.68121E+01	 1.63859E+01	 1.71828E+01	 1.73606E+01	 1.19963E+01	 1.64558E+01	 1.23667E+01	 1.15387E+01	 9.74378E+00	 1.27796E+01	 9.89164E+00	 1.11749E+01	 1.33160E+01	 1.32647E+01	 1.60493E+01	 1.23352E+01	 1.53760E+01	 1.18666E+01	 1.09475E+01
 1.39330E+01	 1.34478E+01	 1.92091E+01	 1.74650E+01	 1.29719E+01	 1.25266E+01	 1.63252E+01	 1.73033E+01	 1.16278E+01	 1.88908E+01	 1.83608E+01	 1.82426E+01	 2.22113E+01	 1.59583E+01	 1.56658E+01	 1.31546E+01	 1.34738E+01	 7.90986E+00	 1.00301E+01	 1.67891E+01	 1.59495E+01	 1.83692E+01	 1.78591E+01	 1.42239E+01	 1.78319E+01	 1.21425E+01	 1.12237E+01	 1.34329E+01	 1.88346E+01	 1.72257E+01	 2.14664E+01	 1.20294E+01	 1.53361E+01	 1.48771E+01	 2.02534E+01	 1.63916E+01	 1.37343E+01	 1.65449E+01	 1.70988E+01	 1.97511E+01	 1.52423E+01	 1.41955E+01	 1.62582E+01	 1.81313E+01	 2.00997E+01	 1.53397E+01	 1.59485E+01	 1.58899E+01	 1.23729E+01	 9.94301E+00	 1.21669E+01	 1.61661E+01	 1.52118E+01	 1.24266E+01	 1.09895E+01	 1.56993E+01	 1.49212E+01	 1.77977E+01	 1.82896E+01	 1.53640E+01	 1.15000E+01
